%YAML:1.0
---
transformMatrix1-2: !!opencv-matrix
   rows: 4
   cols: 4
   dt: f
   data: [ 7.20039904e-01, 1.96265802e-02, -6.93655014e-01,
       2.61786997e-01, -1.10655956e-01, 9.90056574e-01, -8.68519396e-02,
       7.14929104e-02, 6.85053110e-01, 1.39293924e-01, 7.15052068e-01,
       6.47487193e-02, 0, 0, 0,
       1. ]
