%YAML:1.0
---
transformMatrix1-3: !!opencv-matrix
   rows: 4
   cols: 4
   dt: f
   data: [ 7.85944879e-01, -1.92293338e-02, 6.17997468e-01,
       -2.47054502e-01, 1.03156082e-01, 9.89585280e-01, -1.00398347e-01,
       7.93997496e-02, -6.09630585e-01, 1.42657772e-01, 7.79743075e-01,
       8.07763487e-02, 0, 0, 0,
       1. ]
