%YAML:1.0
---
transformMatrix2-1: !!opencv-matrix
   rows: 4
   cols: 4
   dt: f
   data: [ 7.20325351e-01, -1.24101974e-01, 6.82444155e-01,
       -2.20980093e-01, 4.94581368e-03, 9.84758437e-01, 1.73857257e-01,
       -7.71903321e-02, -6.93618715e-01, -1.21858552e-01, 7.09960282e-01,
       1.42368793e-01, 0, 0, 0,
       1. ]
