%YAML:1.0
---
transformMatrix3-1: !!opencv-matrix
   rows: 4
   cols: 4
   dt: f
   data: [ 7.85802662e-01, 1.19941697e-01, -6.06735647e-01,
       2.39193574e-01, -9.94074531e-03, 9.83337879e-01, 1.81515217e-01,
       -8.37993324e-02, 6.18397355e-01, -1.36603743e-01, 7.73901880e-01,
       9.82379317e-02, 0, 0, 0,
       1. ]
