%YAML:1.0
---
intrinsic3: !!opencv-matrix
   rows: 3
   cols: 3
   dt: d
   data: [ 6.0787066856208821e+02, 0., 3.2610146192185840e+02, 0.,
       6.1069088167375355e+02, 2.5283822440447364e+02, 0., 0., 1. ]
distCoeffs3: !!opencv-matrix
   rows: 1
   cols: 5
   dt: d
   data: [ 1.2169121119642065e-01, -1.1541643452903645e-01,
       3.3255824809444201e-04, 5.6568599279726911e-04,
       -4.6402114707344366e-01 ]
rms3: 1.3665079987698250e-01
