%YAML:1.0
---
intrinsic2: !!opencv-matrix
   rows: 3
   cols: 3
   dt: d
   data: [ 6.0591556233578422e+02, 0., 3.2703749509890662e+02, 0.,
       6.0869929127813043e+02, 2.4910257565411052e+02, 0., 0., 1. ]
distCoeffs2: !!opencv-matrix
   rows: 1
   cols: 5
   dt: d
   data: [ 1.1391404108072509e-01, -9.3052912798957013e-02,
       1.1429685223074996e-03, -1.2641149110568680e-03,
       -4.7095922689530428e-01 ]
rms2: 1.3851542105568226e-01
