%YAML:1.0
---
intrinsic1: !!opencv-matrix
   rows: 3
   cols: 3
   dt: d
   data: [ 6.0645893971558814e+02, 0., 3.2381929145160353e+02, 0.,
       6.0895685214544676e+02, 2.3295328730852196e+02, 0., 0., 1. ]
distCoeffs1: !!opencv-matrix
   rows: 1
   cols: 5
   dt: d
   data: [ 1.1852812434419696e-01, -8.4400310247892865e-02,
       1.8948271827568233e-03, 9.5664200645757878e-04,
       -5.4697616471355359e-01 ]
rms1: 1.5483237812459125e-01
